11
0 0.00000000 0.00000000 0.16666667 0.33333333 0.50000000 0.66666667 0.83333333 1.00000000 1.00000000 1
23
0 0.00000000 0.00000000 0.05555556 0.11111111 0.16666667 0.22222222 0.27777778 0.33333333 0.38888889 0.44444444 0.50000000 0.55555556 0.61111111 0.66666667 0.72222222 0.77777778 0.83333333 0.88888889 0.94444444 1.00000000 1.00000000 1
160
0.00000000 0.00000000 0.00000000 1.0000
0.25000000 0.00000000 0.00000000 1.0000
0.75000000 0.00000000 0.00000000 1.0000
1.25000000 0.00000000 0.00000000 1.0000
1.75000000 0.00000000 0.00000000 1.0000
2.25000000 0.00000000 0.00000000 1.0000
2.75000000 0.00000000 0.00000000 1.0000
3.25000000 0.00000000 0.00000000 1.0000
3.75000000 0.00000000 0.00000000 1.0000
4.25000000 0.00000000 0.00000000 1.0000
4.75000000 0.00000000 0.00000000 1.0000
5.25000000 0.00000000 0.00000000 1.0000
5.75000000 0.00000000 0.00000000 1.0000
6.25000000 0.00000000 0.00000000 1.0000
6.75000000 0.00000000 0.00000000 1.0000
7.25000000 0.00000000 0.00000000 1.0000
7.75000000 0.00000000 0.00000000 1.0000
8.25000000 0.00000000 0.00000000 1.0000
8.75000000 0.00000000 0.00000000 1.0000
9.00000000 0.00000000 0.00000000 1.0000
0.00000000 0.25000000 0.00000000 1.0000
0.25000000 0.25000000 0.00000000 1.0000
0.75000000 0.25000000 0.00000000 1.0000
1.25000000 0.25000000 0.00000000 1.0000
1.75000000 0.25000000 0.00000000 1.0000
2.25000000 0.25000000 0.00000000 1.0000
2.75000000 0.25000000 0.00000000 1.0000
3.25000000 0.25000000 0.00000000 1.0000
3.75000000 0.25000000 0.00000000 1.0000
4.25000000 0.25000000 0.00000000 1.0000
4.75000000 0.25000000 0.00000000 1.0000
5.25000000 0.25000000 0.00000000 1.0000
5.75000000 0.25000000 0.00000000 1.0000
6.25000000 0.25000000 0.00000000 1.0000
6.75000000 0.25000000 0.00000000 1.0000
7.25000000 0.25000000 0.00000000 1.0000
7.75000000 0.25000000 0.00000000 1.0000
8.25000000 0.25000000 0.00000000 1.0000
8.75000000 0.25000000 0.00000000 1.0000
9.00000000 0.25000000 0.00000000 1.0000
0.00000000 0.75000000 0.00000000 1.0000
0.25000000 0.75000000 0.00000000 1.0000
0.75000000 0.75000000 0.00000000 1.0000
1.25000000 0.75000000 0.00000000 1.0000
1.75000000 0.75000000 0.00000000 1.0000
2.25000000 0.75000000 0.00000000 1.0000
2.75000000 0.75000000 0.00000000 1.0000
3.25000000 0.75000000 0.00000000 1.0000
3.75000000 0.75000000 0.00000000 1.0000
4.25000000 0.75000000 0.00000000 1.0000
4.75000000 0.75000000 0.00000000 1.0000
5.25000000 0.75000000 0.00000000 1.0000
5.75000000 0.75000000 0.00000000 1.0000
6.25000000 0.75000000 0.00000000 1.0000
6.75000000 0.75000000 0.00000000 1.0000
7.25000000 0.75000000 0.00000000 1.0000
7.75000000 0.75000000 0.00000000 1.0000
8.25000000 0.75000000 0.00000000 1.0000
8.75000000 0.75000000 0.00000000 1.0000
9.00000000 0.75000000 0.00000000 1.0000
0.00000000 1.25000000 0.00000000 1.0000
0.25000000 1.25000000 0.00000000 1.0000
0.75000000 1.25000000 0.00000000 1.0000
1.25000000 1.25000000 0.00000000 1.0000
1.75000000 1.25000000 0.00000000 1.0000
2.25000000 1.25000000 0.00000000 1.0000
2.75000000 1.25000000 0.00000000 1.0000
3.25000000 1.25000000 0.00000000 1.0000
3.75000000 1.25000000 0.00000000 1.0000
4.25000000 1.25000000 0.00000000 1.0000
4.75000000 1.25000000 0.00000000 1.0000
5.25000000 1.25000000 0.00000000 1.0000
5.75000000 1.25000000 0.00000000 1.0000
6.25000000 1.25000000 0.00000000 1.0000
6.75000000 1.25000000 0.00000000 1.0000
7.25000000 1.25000000 0.00000000 1.0000
7.75000000 1.25000000 0.00000000 1.0000
8.25000000 1.25000000 0.00000000 1.0000
8.75000000 1.25000000 0.00000000 1.0000
9.00000000 1.25000000 0.00000000 1.0000
0.00000000 1.75000000 0.00000000 1.0000
0.25000000 1.75000000 0.00000000 1.0000
0.75000000 1.75000000 0.00000000 1.0000
1.25000000 1.75000000 0.00000000 1.0000
1.75000000 1.75000000 0.00000000 1.0000
2.25000000 1.75000000 0.00000000 1.0000
2.75000000 1.75000000 0.00000000 1.0000
3.25000000 1.75000000 0.00000000 1.0000
3.75000000 1.75000000 0.00000000 1.0000
4.25000000 1.75000000 0.00000000 1.0000
4.75000000 1.75000000 0.00000000 1.0000
5.25000000 1.75000000 0.00000000 1.0000
5.75000000 1.75000000 0.00000000 1.0000
6.25000000 1.75000000 0.00000000 1.0000
6.75000000 1.75000000 0.00000000 1.0000
7.25000000 1.75000000 0.00000000 1.0000
7.75000000 1.75000000 0.00000000 1.0000
8.25000000 1.75000000 0.00000000 1.0000
8.75000000 1.75000000 0.00000000 1.0000
9.00000000 1.75000000 0.00000000 1.0000
0.00000000 2.25000000 0.00000000 1.0000
0.25000000 2.25000000 0.00000000 1.0000
0.75000000 2.25000000 0.00000000 1.0000
1.25000000 2.25000000 0.00000000 1.0000
1.75000000 2.25000000 0.00000000 1.0000
2.25000000 2.25000000 0.00000000 1.0000
2.75000000 2.25000000 0.00000000 1.0000
3.25000000 2.25000000 0.00000000 1.0000
3.75000000 2.25000000 0.00000000 1.0000
4.25000000 2.25000000 0.00000000 1.0000
4.75000000 2.25000000 0.00000000 1.0000
5.25000000 2.25000000 0.00000000 1.0000
5.75000000 2.25000000 0.00000000 1.0000
6.25000000 2.25000000 0.00000000 1.0000
6.75000000 2.25000000 0.00000000 1.0000
7.25000000 2.25000000 0.00000000 1.0000
7.75000000 2.25000000 0.00000000 1.0000
8.25000000 2.25000000 0.00000000 1.0000
8.75000000 2.25000000 0.00000000 1.0000
9.00000000 2.25000000 0.00000000 1.0000
0.00000000 2.75000000 0.00000000 1.0000
0.25000000 2.75000000 0.00000000 1.0000
0.75000000 2.75000000 0.00000000 1.0000
1.25000000 2.75000000 0.00000000 1.0000
1.75000000 2.75000000 0.00000000 1.0000
2.25000000 2.75000000 0.00000000 1.0000
2.75000000 2.75000000 0.00000000 1.0000
3.25000000 2.75000000 0.00000000 1.0000
3.75000000 2.75000000 0.00000000 1.0000
4.25000000 2.75000000 0.00000000 1.0000
4.75000000 2.75000000 0.00000000 1.0000
5.25000000 2.75000000 0.00000000 1.0000
5.75000000 2.75000000 0.00000000 1.0000
6.25000000 2.75000000 0.00000000 1.0000
6.75000000 2.75000000 0.00000000 1.0000
7.25000000 2.75000000 0.00000000 1.0000
7.75000000 2.75000000 0.00000000 1.0000
8.25000000 2.75000000 0.00000000 1.0000
8.75000000 2.75000000 0.00000000 1.0000
9.00000000 2.75000000 0.00000000 1.0000
0.00000000 3.00000000 0.00000000 1.0000
0.25000000 3.00000000 0.00000000 1.0000
0.75000000 3.00000000 0.00000000 1.0000
1.25000000 3.00000000 0.00000000 1.0000
1.75000000 3.00000000 0.00000000 1.0000
2.25000000 3.00000000 0.00000000 1.0000
2.75000000 3.00000000 0.00000000 1.0000
3.25000000 3.00000000 0.00000000 1.0000
3.75000000 3.00000000 0.00000000 1.0000
4.25000000 3.00000000 0.00000000 1.0000
4.75000000 3.00000000 0.00000000 1.0000
5.25000000 3.00000000 0.00000000 1.0000
5.75000000 3.00000000 0.00000000 1.0000
6.25000000 3.00000000 0.00000000 1.0000
6.75000000 3.00000000 0.00000000 1.0000
7.25000000 3.00000000 0.00000000 1.0000
7.75000000 3.00000000 0.00000000 1.0000
8.25000000 3.00000000 0.00000000 1.0000
8.75000000 3.00000000 0.00000000 1.0000
9.00000000 3.00000000 0.00000000 1.0000
