15
0 0.00000000 0.00000000 0.10000000 0.20000000 0.30000000 0.40000000 0.50000000 0.60000000 0.70000000 0.80000000 0.90000000 1.00000000 1.00000000 1
25
0 0.00000000 0.00000000 0.05000000 0.10000000 0.15000000 0.20000000 0.25000000 0.30000000 0.35000000 0.40000000 0.45000000 0.50000000 0.55000000 0.60000000 0.65000000 0.70000000 0.75000000 0.80000000 0.85000000 0.90000000 0.95000000 1.00000000 1.00000000 1
264
0.00000000 0.00000000 0.00000000 1.0000
0.25000000 0.00000000 0.00000000 1.0000
0.75000000 0.00000000 0.00000000 1.0000
1.25000000 0.00000000 0.00000000 1.0000
1.75000000 0.00000000 0.00000000 1.0000
2.25000000 0.00000000 0.00000000 1.0000
2.75000000 0.00000000 0.00000000 1.0000
3.25000000 0.00000000 0.00000000 1.0000
3.75000000 0.00000000 0.00000000 1.0000
4.25000000 0.00000000 0.00000000 1.0000
4.75000000 0.00000000 0.00000000 1.0000
5.25000000 0.00000000 0.00000000 1.0000
5.75000000 0.00000000 0.00000000 1.0000
6.25000000 0.00000000 0.00000000 1.0000
6.75000000 0.00000000 0.00000000 1.0000
7.25000000 0.00000000 0.00000000 1.0000
7.75000000 0.00000000 0.00000000 1.0000
8.25000000 0.00000000 0.00000000 1.0000
8.75000000 0.00000000 0.00000000 1.0000
9.25000000 0.00000000 0.00000000 1.0000
9.75000000 0.00000000 0.00000000 1.0000
10.00000000 0.00000000 0.00000000 1.0000
0.00000000 0.25000000 0.00000000 1.0000
0.25000000 0.25000000 0.00000000 1.0000
0.75000000 0.25000000 0.00000000 1.0000
1.25000000 0.25000000 0.00000000 1.0000
1.75000000 0.25000000 0.00000000 1.0000
2.25000000 0.25000000 0.00000000 1.0000
2.75000000 0.25000000 0.00000000 1.0000
3.25000000 0.25000000 0.00000000 1.0000
3.75000000 0.25000000 0.00000000 1.0000
4.25000000 0.25000000 0.00000000 1.0000
4.75000000 0.25000000 0.00000000 1.0000
5.25000000 0.25000000 0.00000000 1.0000
5.75000000 0.25000000 0.00000000 1.0000
6.25000000 0.25000000 0.00000000 1.0000
6.75000000 0.25000000 0.00000000 1.0000
7.25000000 0.25000000 0.00000000 1.0000
7.75000000 0.25000000 0.00000000 1.0000
8.25000000 0.25000000 0.00000000 1.0000
8.75000000 0.25000000 0.00000000 1.0000
9.25000000 0.25000000 0.00000000 1.0000
9.75000000 0.25000000 0.00000000 1.0000
10.00000000 0.25000000 0.00000000 1.0000
0.00000000 0.75000000 0.00000000 1.0000
0.25000000 0.75000000 0.00000000 1.0000
0.75000000 0.75000000 0.00000000 1.0000
1.25000000 0.75000000 0.00000000 1.0000
1.75000000 0.75000000 0.00000000 1.0000
2.25000000 0.75000000 0.00000000 1.0000
2.75000000 0.75000000 0.00000000 1.0000
3.25000000 0.75000000 0.00000000 1.0000
3.75000000 0.75000000 0.00000000 1.0000
4.25000000 0.75000000 0.00000000 1.0000
4.75000000 0.75000000 0.00000000 1.0000
5.25000000 0.75000000 0.00000000 1.0000
5.75000000 0.75000000 0.00000000 1.0000
6.25000000 0.75000000 0.00000000 1.0000
6.75000000 0.75000000 0.00000000 1.0000
7.25000000 0.75000000 0.00000000 1.0000
7.75000000 0.75000000 0.00000000 1.0000
8.25000000 0.75000000 0.00000000 1.0000
8.75000000 0.75000000 0.00000000 1.0000
9.25000000 0.75000000 0.00000000 1.0000
9.75000000 0.75000000 0.00000000 1.0000
10.00000000 0.75000000 0.00000000 1.0000
0.00000000 1.25000000 0.00000000 1.0000
0.25000000 1.25000000 0.00000000 1.0000
0.75000000 1.25000000 0.00000000 1.0000
1.25000000 1.25000000 0.00000000 1.0000
1.75000000 1.25000000 0.00000000 1.0000
2.25000000 1.25000000 0.00000000 1.0000
2.75000000 1.25000000 0.00000000 1.0000
3.25000000 1.25000000 0.00000000 1.0000
3.75000000 1.25000000 0.00000000 1.0000
4.25000000 1.25000000 0.00000000 1.0000
4.75000000 1.25000000 0.00000000 1.0000
5.25000000 1.25000000 0.00000000 1.0000
5.75000000 1.25000000 0.00000000 1.0000
6.25000000 1.25000000 0.00000000 1.0000
6.75000000 1.25000000 0.00000000 1.0000
7.25000000 1.25000000 0.00000000 1.0000
7.75000000 1.25000000 0.00000000 1.0000
8.25000000 1.25000000 0.00000000 1.0000
8.75000000 1.25000000 0.00000000 1.0000
9.25000000 1.25000000 0.00000000 1.0000
9.75000000 1.25000000 0.00000000 1.0000
10.00000000 1.25000000 0.00000000 1.0000
0.00000000 1.75000000 0.00000000 1.0000
0.25000000 1.75000000 0.00000000 1.0000
0.75000000 1.75000000 0.00000000 1.0000
1.25000000 1.75000000 0.00000000 1.0000
1.75000000 1.75000000 0.00000000 1.0000
2.25000000 1.75000000 0.00000000 1.0000
2.75000000 1.75000000 0.00000000 1.0000
3.25000000 1.75000000 0.00000000 1.0000
3.75000000 1.75000000 0.00000000 1.0000
4.25000000 1.75000000 0.00000000 1.0000
4.75000000 1.75000000 0.00000000 1.0000
5.25000000 1.75000000 0.00000000 1.0000
5.75000000 1.75000000 0.00000000 1.0000
6.25000000 1.75000000 0.00000000 1.0000
6.75000000 1.75000000 0.00000000 1.0000
7.25000000 1.75000000 0.00000000 1.0000
7.75000000 1.75000000 0.00000000 1.0000
8.25000000 1.75000000 0.00000000 1.0000
8.75000000 1.75000000 0.00000000 1.0000
9.25000000 1.75000000 0.00000000 1.0000
9.75000000 1.75000000 0.00000000 1.0000
10.00000000 1.75000000 0.00000000 1.0000
0.00000000 2.25000000 0.00000000 1.0000
0.25000000 2.25000000 0.00000000 1.0000
0.75000000 2.25000000 0.00000000 1.0000
1.25000000 2.25000000 0.00000000 1.0000
1.75000000 2.25000000 0.00000000 1.0000
2.25000000 2.25000000 0.00000000 1.0000
2.75000000 2.25000000 0.00000000 1.0000
3.25000000 2.25000000 0.00000000 1.0000
3.75000000 2.25000000 0.00000000 1.0000
4.25000000 2.25000000 0.00000000 1.0000
4.75000000 2.25000000 0.00000000 1.0000
5.25000000 2.25000000 0.00000000 1.0000
5.75000000 2.25000000 0.00000000 1.0000
6.25000000 2.25000000 0.00000000 1.0000
6.75000000 2.25000000 0.00000000 1.0000
7.25000000 2.25000000 0.00000000 1.0000
7.75000000 2.25000000 0.00000000 1.0000
8.25000000 2.25000000 0.00000000 1.0000
8.75000000 2.25000000 0.00000000 1.0000
9.25000000 2.25000000 0.00000000 1.0000
9.75000000 2.25000000 0.00000000 1.0000
10.00000000 2.25000000 0.00000000 1.0000
0.00000000 2.75000000 0.00000000 1.0000
0.25000000 2.75000000 0.00000000 1.0000
0.75000000 2.75000000 0.00000000 1.0000
1.25000000 2.75000000 0.00000000 1.0000
1.75000000 2.75000000 0.00000000 1.0000
2.25000000 2.75000000 0.00000000 1.0000
2.75000000 2.75000000 0.00000000 1.0000
3.25000000 2.75000000 0.00000000 1.0000
3.75000000 2.75000000 0.00000000 1.0000
4.25000000 2.75000000 0.00000000 1.0000
4.75000000 2.75000000 0.00000000 1.0000
5.25000000 2.75000000 0.00000000 1.0000
5.75000000 2.75000000 0.00000000 1.0000
6.25000000 2.75000000 0.00000000 1.0000
6.75000000 2.75000000 0.00000000 1.0000
7.25000000 2.75000000 0.00000000 1.0000
7.75000000 2.75000000 0.00000000 1.0000
8.25000000 2.75000000 0.00000000 1.0000
8.75000000 2.75000000 0.00000000 1.0000
9.25000000 2.75000000 0.00000000 1.0000
9.75000000 2.75000000 0.00000000 1.0000
10.00000000 2.75000000 0.00000000 1.0000
0.00000000 3.25000000 0.00000000 1.0000
0.25000000 3.25000000 0.00000000 1.0000
0.75000000 3.25000000 0.00000000 1.0000
1.25000000 3.25000000 0.00000000 1.0000
1.75000000 3.25000000 0.00000000 1.0000
2.25000000 3.25000000 0.00000000 1.0000
2.75000000 3.25000000 0.00000000 1.0000
3.25000000 3.25000000 0.00000000 1.0000
3.75000000 3.25000000 0.00000000 1.0000
4.25000000 3.25000000 0.00000000 1.0000
4.75000000 3.25000000 0.00000000 1.0000
5.25000000 3.25000000 0.00000000 1.0000
5.75000000 3.25000000 0.00000000 1.0000
6.25000000 3.25000000 0.00000000 1.0000
6.75000000 3.25000000 0.00000000 1.0000
7.25000000 3.25000000 0.00000000 1.0000
7.75000000 3.25000000 0.00000000 1.0000
8.25000000 3.25000000 0.00000000 1.0000
8.75000000 3.25000000 0.00000000 1.0000
9.25000000 3.25000000 0.00000000 1.0000
9.75000000 3.25000000 0.00000000 1.0000
10.00000000 3.25000000 0.00000000 1.0000
0.00000000 3.75000000 0.00000000 1.0000
0.25000000 3.75000000 0.00000000 1.0000
0.75000000 3.75000000 0.00000000 1.0000
1.25000000 3.75000000 0.00000000 1.0000
1.75000000 3.75000000 0.00000000 1.0000
2.25000000 3.75000000 0.00000000 1.0000
2.75000000 3.75000000 0.00000000 1.0000
3.25000000 3.75000000 0.00000000 1.0000
3.75000000 3.75000000 0.00000000 1.0000
4.25000000 3.75000000 0.00000000 1.0000
4.75000000 3.75000000 0.00000000 1.0000
5.25000000 3.75000000 0.00000000 1.0000
5.75000000 3.75000000 0.00000000 1.0000
6.25000000 3.75000000 0.00000000 1.0000
6.75000000 3.75000000 0.00000000 1.0000
7.25000000 3.75000000 0.00000000 1.0000
7.75000000 3.75000000 0.00000000 1.0000
8.25000000 3.75000000 0.00000000 1.0000
8.75000000 3.75000000 0.00000000 1.0000
9.25000000 3.75000000 0.00000000 1.0000
9.75000000 3.75000000 0.00000000 1.0000
10.00000000 3.75000000 0.00000000 1.0000
0.00000000 4.25000000 0.00000000 1.0000
0.25000000 4.25000000 0.00000000 1.0000
0.75000000 4.25000000 0.00000000 1.0000
1.25000000 4.25000000 0.00000000 1.0000
1.75000000 4.25000000 0.00000000 1.0000
2.25000000 4.25000000 0.00000000 1.0000
2.75000000 4.25000000 0.00000000 1.0000
3.25000000 4.25000000 0.00000000 1.0000
3.75000000 4.25000000 0.00000000 1.0000
4.25000000 4.25000000 0.00000000 1.0000
4.75000000 4.25000000 0.00000000 1.0000
5.25000000 4.25000000 0.00000000 1.0000
5.75000000 4.25000000 0.00000000 1.0000
6.25000000 4.25000000 0.00000000 1.0000
6.75000000 4.25000000 0.00000000 1.0000
7.25000000 4.25000000 0.00000000 1.0000
7.75000000 4.25000000 0.00000000 1.0000
8.25000000 4.25000000 0.00000000 1.0000
8.75000000 4.25000000 0.00000000 1.0000
9.25000000 4.25000000 0.00000000 1.0000
9.75000000 4.25000000 0.00000000 1.0000
10.00000000 4.25000000 0.00000000 1.0000
0.00000000 4.75000000 0.00000000 1.0000
0.25000000 4.75000000 0.00000000 1.0000
0.75000000 4.75000000 0.00000000 1.0000
1.25000000 4.75000000 0.00000000 1.0000
1.75000000 4.75000000 0.00000000 1.0000
2.25000000 4.75000000 0.00000000 1.0000
2.75000000 4.75000000 0.00000000 1.0000
3.25000000 4.75000000 0.00000000 1.0000
3.75000000 4.75000000 0.00000000 1.0000
4.25000000 4.75000000 0.00000000 1.0000
4.75000000 4.75000000 0.00000000 1.0000
5.25000000 4.75000000 0.00000000 1.0000
5.75000000 4.75000000 0.00000000 1.0000
6.25000000 4.75000000 0.00000000 1.0000
6.75000000 4.75000000 0.00000000 1.0000
7.25000000 4.75000000 0.00000000 1.0000
7.75000000 4.75000000 0.00000000 1.0000
8.25000000 4.75000000 0.00000000 1.0000
8.75000000 4.75000000 0.00000000 1.0000
9.25000000 4.75000000 0.00000000 1.0000
9.75000000 4.75000000 0.00000000 1.0000
10.00000000 4.75000000 0.00000000 1.0000
0.00000000 5.00000000 0.00000000 1.0000
0.25000000 5.00000000 0.00000000 1.0000
0.75000000 5.00000000 0.00000000 1.0000
1.25000000 5.00000000 0.00000000 1.0000
1.75000000 5.00000000 0.00000000 1.0000
2.25000000 5.00000000 0.00000000 1.0000
2.75000000 5.00000000 0.00000000 1.0000
3.25000000 5.00000000 0.00000000 1.0000
3.75000000 5.00000000 0.00000000 1.0000
4.25000000 5.00000000 0.00000000 1.0000
4.75000000 5.00000000 0.00000000 1.0000
5.25000000 5.00000000 0.00000000 1.0000
5.75000000 5.00000000 0.00000000 1.0000
6.25000000 5.00000000 0.00000000 1.0000
6.75000000 5.00000000 0.00000000 1.0000
7.25000000 5.00000000 0.00000000 1.0000
7.75000000 5.00000000 0.00000000 1.0000
8.25000000 5.00000000 0.00000000 1.0000
8.75000000 5.00000000 0.00000000 1.0000
9.25000000 5.00000000 0.00000000 1.0000
9.75000000 5.00000000 0.00000000 1.0000
10.00000000 5.00000000 0.00000000 1.0000
